Sample	Sense	Antisense	Undetermined
p1k_00001	3.9899999999999998	44.68	51.33
p1k_00002	4.09	44.529999999999994	51.38
p1k_00003	2.6100000000000003	51.129999999999995	46.26
p1k_00004	2.34	53.14	44.519999999999996
p1k_00005	3.1399999999999997	45.5	51.349999999999994
p1k_00006	3.25	45.5	51.239999999999995
p1k_00007	2.82	50.77	46.410000000000004
p1k_00008	2.4299999999999997	52.73	44.84
p1k_00009	3.04	47.96	49.0
p1k_00010	3.04	48.13	48.83
p1k_00011	3.05	46.52	50.43
p1k_00012	3.0300000000000002	46.300000000000004	50.67
p1k_00013	3.4000000000000004	45.95	50.64999999999999
p1k_00014	2.9899999999999998	47.43	49.59
p1k_00015	3.02	46.300000000000004	50.68
p1k_00016	3.2	46.14	50.660000000000004
p1k_00017	2.94	46.48	50.580000000000005
p1k_00018	2.87	46.23	50.9
p1k_00019	1.37	47.81	50.81
p1k_00020	1.4200000000000002	47.97	50.61
p1k_00021	1.44	48.0	50.56
p1k_00022	1.49	48.07	50.44
p1k_00023	1.35	48.58	50.07
p1k_00024	1.39	47.97	50.63999999999999
p1k_00025	1.5	49.78	48.71
p1k_00026	1.52	49.54	48.94
p1k_00027	3.47	48.39	48.14
p1k_00028	3.3300000000000005	47.12	49.55
p1k_00029	3.7600000000000002	45.6	50.629999999999995
p1k_00030	3.7600000000000002	43.919999999999995	52.31
p1k_00031	4.06	46.31	49.63
p1k_00032	4.02	46.69	49.29
p1k_00033	3.55	54.59	41.86
p1k_00034	3.9	50.519999999999996	45.58
p1k_00035	3.39	46.37	50.239999999999995
p1k_00036	3.4299999999999997	45.57	51.0
p1k_00037	3.6700000000000004	47.12	49.220000000000006
p1k_00038	4.12	47.22	48.66
p1k_00039	5.220000000000001	44.01	50.77
p1k_00040	5.140000000000001	43.830000000000005	51.03
p1k_00041	1.68	47.54	50.78
p1k_00042	1.79	45.660000000000004	52.559999999999995
p1k_00043	1.34	45.31	53.349999999999994
p1k_00044	1.48	45.81	52.71
p1k_00045	1.43	44.66	53.900000000000006
p1k_00046	1.4000000000000001	44.86	53.73
p1k_00047	1.49	46.35	52.16
p1k_00048	1.55	46.36	52.09
p1k_00049	1.72	44.92	53.36
p1k_00050	4.12	45.269999999999996	50.61
p1k_00051	4.01	45.97	50.019999999999996
p1k_00052	3.38	43.7	52.92
p1k_00053	3.35	43.88	52.769999999999996
p1k_00054	5.3	45.75	48.949999999999996
p1k_00055	4.67	46.81	48.51
p1k_00056	5.87	49.480000000000004	44.65
p1k_00057	8.49	47.4	44.11
p1k_00058	3.62	49.8	46.58
p1k_00059	3.7800000000000002	49.980000000000004	46.239999999999995
p1k_00060	3.81	51.9	44.29
p1k_00061	3.83	51.580000000000005	44.58
p1k_00062	3.73	53.22	43.04
p1k_00063	4.390000000000001	52.03	43.580000000000005
p1k_00064	1.68	48.47	49.85
p1k_00065	1.69	49.309999999999995	49.0
p1k_00066	1.6500000000000001	49.519999999999996	48.83
p1k_00067	1.7000000000000002	49.01	49.29
p1k_00068	6.0600000000000005	46.989999999999995	46.949999999999996
p1k_00069	3.6999999999999997	44.18	52.11
p1k_00070	3.74	44.940000000000005	51.32
p1k_00071	4.37	45.93	49.7
p1k_00072	4.46	44.96	50.580000000000005
p1k_00073	3.04	49.35	47.599999999999994
p1k_00074	2.74	51.15	46.11
p1k_00075	4.45	48.72	46.83
p1k_00076	4.38	44.2	51.42
p1k_00077	4.68	43.75	51.580000000000005
p1k_00078	4.96	45.37	49.669999999999995
p1k_00079	3.71	44.95	51.339999999999996
p1k_00080	4.569999999999999	50.8	44.64
p1k_00081	4.77	44.879999999999995	50.349999999999994
p1k_00082	3.94	47.24	48.82
p1k_00083	3.71	46.73	49.559999999999995
p1k_00084	3.7199999999999998	43.419999999999995	52.86
p1k_00085	3.95	44.89	51.160000000000004
p1k_00086	3.06	47.67	49.26
p1k_00087	2.96	47.53	49.51
p1k_00088	3.18	45.28	51.54
p1k_00089	3.09	45.7	51.21
p1k_00090	3.04	44.54	52.42
p1k_00091	3.02	44.61	52.370000000000005
p1k_00092	3.2099999999999995	48.86	47.93
p1k_00093	3.16	46.650000000000006	50.2
p1k_00094	1.47	41.93	56.589999999999996
p1k_00095	1.53	42.24	56.230000000000004
p1k_00096	3.39	47.53	49.08
p1k_00097	3.0700000000000003	46.589999999999996	50.33
p1k_00098	1.46	42.49	56.04
p1k_00099	1.52	42.64	55.85
p1k_00100	3.75	43.919999999999995	52.33
p1k_00101	1.59	41.21	57.199999999999996
p1k_00102	1.6099999999999999	40.96	57.43000000000001
p1k_00103	1.48	38.06	60.46
p1k_00104	1.52	37.74	60.75000000000001
p1k_00105	3.65	45.03	51.32
p1k_00106	3.51	43.81	52.68000000000001
p1k_00107	3.63	43.46	52.910000000000004
p1k_00108	1.67	48.230000000000004	50.1
p1k_00109	1.5699999999999998	49.309999999999995	49.120000000000005
p1k_00110	1.63	46.39	51.980000000000004
p1k_00111	1.6500000000000001	46.129999999999995	52.21
p1k_00112	1.72	46.96	51.33
p1k_00113	1.51	47.74	50.74999999999999
p1k_00114	1.52	47.349999999999994	51.129999999999995
p1k_00115	1.49	48.339999999999996	50.160000000000004
p1k_00116	1.6199999999999999	47.64	50.74999999999999
p1k_00117	1.53	47.21	51.27
p1k_00118	1.5699999999999998	47.96	50.470000000000006
p1k_00119	1.4200000000000002	49.34	49.230000000000004
p1k_00120	1.46	48.209999999999994	50.33
p1k_00121	1.43	49.2	49.370000000000005
p1k_00122	1.4200000000000002	46.96	51.62
p1k_00123	1.51	47.44	51.05
p1k_00124	1.46	47.589999999999996	50.949999999999996
p1k_00125	4.130000000000001	42.65	53.21
p1k_00126	4.35	40.04	55.60000000000001
p1k_00127	5.16	40.36	54.49
p1k_00129	2.9000000000000004	46.82	50.28
p1k_00130	3.27	41.94	54.790000000000006
p1k_00131	3.17	44.09	52.739999999999995
p1k_00132	1.4000000000000001	44.269999999999996	54.33
p1k_00133	3.01	49.3	47.69
p1k_00134	2.7199999999999998	44.93	52.349999999999994
p1k_00135	2.73	44.51	52.75
p1k_00136	3.02	45.4	51.580000000000005
p1k_00137	3.35	44.22	52.43
p1k_00138	2.18	47.96	49.85
p1k_00139	2.8400000000000003	47.760000000000005	49.4
p1k_00140	3.26	43.87	52.86
p1k_00141	3.16	46.27	50.57000000000001
p1k_00142	3.8699999999999997	51.5	44.629999999999995
p1k_00143	4.49	43.07	52.44
p1k_00144	3.7900000000000005	52.78	43.43
p1k_00146	1.55	45.410000000000004	53.04
p1k_00147	1.7399999999999998	45.83	52.43
p1k_00148	1.7399999999999998	46.839999999999996	51.43
p1k_00149	1.4500000000000002	45.5	53.05
p1k_00150	1.76	46.410000000000004	51.83
p1k_00151	40.81	32.11	27.07
p1k_00152	16.84	42.25	40.92
p1k_00153	23.53	39.129999999999995	37.330000000000005
p1k_00154	4.88	56.32	38.79
p1k_00155	34.94	34.96	30.099999999999998
p1k_00156	5.54	51.68000000000001	42.78
p1k_00157	11.469999999999999	42.91	45.61
p1k_00158	25.91	35.38	38.71
p1k_00159	7.870000000000001	40.89	51.239999999999995
p1k_00160	18.4	36.88	44.72
p1k_00161	1.4000000000000001	40.82	57.79
p1k_00162	1.38	40.47	58.14
p1k_00163	1.31	43.78	54.92
p1k_00164	1.8399999999999999	44.56	53.6
p1k_00165	1.54	43.419999999999995	55.04
p1k_00166	1.4000000000000001	44.36	54.24
p1k_00167	1.72	45.81	52.470000000000006
p1k_00168	1.9300000000000002	45.11	52.959999999999994
p1k_00169	1.58	52.83	45.58
p1k_00170	1.6099999999999999	51.62	46.77
p1k_00171	1.73	44.03	54.230000000000004
p1k_00172	1.82	44.22	53.959999999999994
p1k_00173	1.6500000000000001	40.129999999999995	58.220000000000006
p1k_00174	1.52	40.14	58.330000000000005
p1k_00175	2.04	47.73	50.22
p1k_00176	1.96	47.07	50.970000000000006
p1k_00177	1.69	41.91	56.410000000000004
p1k_00178	1.49	41.75	56.76
p1k_00179	1.71	43.2	55.1
p1k_00180	1.8399999999999999	43.71	54.44
p1k_00181	1.6199999999999999	40.04	58.35
p1k_00182	1.6500000000000001	39.660000000000004	58.69
p1k_00183	3.16	42.84	53.99
p1k_00184	1.92	43.9	54.17999999999999
p1k_00185	1.63	42.96	55.410000000000004
p1k_00186	1.63	42.85	55.52
p1k_00187	3.02	42.34	54.64
p1k_00188	2.36	42.449999999999996	55.19
p1k_00189	3.05	45.43	51.519999999999996
p1k_00190	2.69	45.51	51.81
p1k_00191	1.8399999999999999	43.36	54.81
p1k_00192	1.9300000000000002	43.36	54.72
p1k_00193	1.9800000000000002	46.11	51.910000000000004
p1k_00194	1.8399999999999999	46.97	51.190000000000005
p1k_00195	2.0	44.330000000000005	53.669999999999995
p1k_00196	2.0	42.620000000000005	55.37
p1k_00197	2.22	44.43	53.349999999999994
p1k_00198	2.0	45.58	52.42
p1k_00199	2.34	47.96	49.71
p1k_00200	2.22	47.58	50.2
p1k_00201	2.01	45.21	52.78
p1k_00202	2.08	45.79	52.129999999999995
p1k_00203	1.96	43.84	54.2
p1k_00204	1.76	43.84	54.400000000000006
p1k_00205	1.97	47.81	50.22
p1k_00206	1.94	48.19	49.87
p1k_00207	2.03	45.34	52.629999999999995
p1k_00208	2.19	45.45	52.35999999999999
p1k_00209	1.9300000000000002	44.67	53.400000000000006
p1k_00210	2.03	47.8	50.17
p1k_00211	1.8900000000000001	45.18	52.92
p1k_00212	1.8900000000000001	44.58	53.53
p1k_00213	1.68	44.42	53.89000000000001
p1k_00214	1.72	43.79	54.49
p1k_00215	1.97	45.47	52.559999999999995
p1k_00216	1.72	46.129999999999995	52.15
p1k_00217	1.96	47.660000000000004	50.39
p1k_00218	2.1399999999999997	48.11	49.75
p1k_00219	2.79	43.8	53.410000000000004
p1k_00220	2.7	44.03	53.269999999999996
p1k_00221	2.94	46.45	50.61
p1k_00222	2.7	46.050000000000004	51.24999999999999
p1k_00223	2.4699999999999998	49.19	48.339999999999996
p1k_00224	2.39	48.64	48.97
p1k_00225	2.55	47.589999999999996	49.86
p1k_00226	2.36	46.71	50.93
p1k_00227	2.4899999999999998	59.72	37.8
p1k_00228	2.5	56.67	40.83
p1k_00229	2.53	49.61	47.85
p1k_00230	2.73	47.599999999999994	49.669999999999995
p1k_00231	2.81	44.58	52.61
p1k_00232	2.67	45.33	52.01
p1k_00233	4.35	48.53	47.12
p1k_00234	4.44	43.68	51.88
p1k_00235	4.26	44.06	51.68000000000001
p1k_00236	4.74	44.25	51.01
p1k_00237	4.41	43.68	51.910000000000004
p1k_00238	4.66	47.74	47.599999999999994
p1k_00239	4.41	47.89	47.699999999999996
p1k_00240	4.6	45.08	50.32
p1k_00241	4.0	49.81	46.19
p1k_00242	3.7900000000000005	50.03999999999999	46.17
p1k_00243	3.95	45.379999999999995	50.660000000000004
p1k_00244	3.84	45.58	50.57000000000001
p1k_00245	4.82	45.73	49.45
p1k_00246	4.859999999999999	47.42	47.72
p1k_00247	3.73	49.68	46.589999999999996
p1k_00248	3.6799999999999997	50.91	45.410000000000004
p1k_00249	3.63	48.79	47.58
p1k_00250	3.4000000000000004	49.11	47.49
p1k_00251	4.5	51.190000000000005	44.31
p1k_00252	4.51	54.059999999999995	41.43
p1k_00253	4.25	49.55	46.2
p1k_00254	4.84	52.55	42.61
p1k_00255	2.1399999999999997	43.6	54.26
p1k_00256	1.87	44.5	53.63
p1k_00257	3.0700000000000003	48.28	48.66
p1k_00258	3.25	48.13	48.63
p1k_00259	3.56	43.32	53.12
p1k_00260	3.16	44.190000000000005	52.65
p1k_00261	2.9499999999999997	48.77	48.29
p1k_00262	3.49	48.44	48.06
p1k_00263	4.5600000000000005	41.6	53.839999999999996
p1k_00264	3.55	42.19	54.26
p1k_00265	7.59	41.010000000000005	51.41
p1k_00266	4.5	42.68	52.82
p1k_00267	2.42	41.03	56.54
p1k_00268	2.44	45.87	51.690000000000005
p1k_00269	2.36	43.68	53.959999999999994
p1k_00270	2.08	45.37	52.54
p1k_00271	0.27999999999999997	93.49	6.23
p1k_00273	0.79	85.28999999999999	13.919999999999998
p1k_00274	0.66	87.4	11.940000000000001
p1k_00275	1.8599999999999999	45.11	53.03
p1k_00276	2.59	45.65	51.76
p1k_00277	1.5	42.28	56.220000000000006
p1k_00278	1.69	43.02	55.279999999999994
p1k_00279	2.39	44.68	52.93
p1k_00280	1.72	45.17	53.12
p1k_00281	2.41	44.13	53.459999999999994
p1k_00282	2.3	49.5	48.199999999999996
p1k_00283	2.29	42.63	55.08
p1k_00284	2.35	43.480000000000004	54.169999999999995
p1k_00285	4.32	43.15	52.53
p1k_00286	2.06	44.190000000000005	53.75
p1k_00287	2.07	41.49	56.44
p1k_00288	1.8900000000000001	43.71	54.400000000000006
p1k_00289	1.77	42.42	55.81
p1k_00290	1.73	43.54	54.730000000000004
p1k_00291	2.26	45.25	52.49
p1k_00292	2.31	44.71	52.980000000000004
p1k_00293	2.2800000000000002	45.300000000000004	52.42
p1k_00294	2.13	45.93	51.93
p1k_00295	2.27	40.71	57.02
p1k_00297	14.34	38.550000000000004	47.099999999999994
p1k_00298	1.7500000000000002	41.660000000000004	56.589999999999996
p1k_00299	5.24	44.51	50.260000000000005
p1k_00300	1.73	42.03	56.230000000000004
p1k_00301	2.25	46.07	51.67
p1k_00302	1.79	46.42	51.800000000000004
p1k_00303	1.95	48.24	49.8
p1k_00304	1.8900000000000001	48.13	49.980000000000004
p1k_00305	2.02	48.5	49.480000000000004
p1k_00306	2.42	46.839999999999996	50.739999999999995
p1k_00307	3.3300000000000005	43.61	53.059999999999995
p1k_00308	4.29	42.66	53.059999999999995
p1k_00309	3.25	45.96	50.8
p1k_00310	3.6799999999999997	45.83	50.49
p1k_00311	3.36	47.28	49.36
p1k_00312	3.32	46.68	50.0
p1k_00313	3.04	40.82	56.14
p1k_00314	3.2199999999999998	40.79	56.00000000000001
p1k_00315	3.51	43.9	52.59
p1k_00316	3.47	44.230000000000004	52.300000000000004
p1k_00317	3.88	39.94	56.18
p1k_00318	3.88	38.93	57.18
p1k_00319	4.05	40.83	55.11000000000001
p1k_00320	4.0	41.160000000000004	54.83
p1k_00321	3.88	40.99	55.13
p1k_00322	3.93	40.81	55.26
p1k_00323	3.71	41.69	54.6
p1k_00324	3.7600000000000002	42.17	54.06999999999999
p1k_00325	3.4099999999999997	47.8	48.79
p1k_00326	2.6	48.14	49.27
p1k_00327	3.37	47.089999999999996	49.54
p1k_00328	3.58	45.04	51.39
p1k_00329	3.2800000000000002	41.32	55.38999999999999
p1k_00330	4.03	42.26	53.71
p1k_00331	3.6700000000000004	45.03	51.300000000000004
p1k_00332	3.64	44.769999999999996	51.59
p1k_00333	3.8	44.62	51.580000000000005
p1k_00334	3.84	45.51	50.64999999999999
p1k_00335	3.92	44.76	51.33
p1k_00336	3.7800000000000002	44.48	51.739999999999995
p1k_00337	3.1	52.55	44.34
p1k_00338	3.39	52.88	43.730000000000004
p1k_00339	3.4799999999999995	49.13	47.39
p1k_00340	3.27	50.42	46.31
p1k_00341	3.7699999999999996	41.24	55.00000000000001
p1k_00342	4.04	41.23	54.730000000000004
p1k_00343	3.95	40.58	55.47
p1k_00344	4.06	40.63	55.32
p1k_00346	3.6700000000000004	40.21	56.120000000000005
p1k_00347	3.58	40.1	56.32
p1k_00348	3.5700000000000003	41.02	55.400000000000006
p1k_00349	3.8600000000000003	43.86	52.27
p1k_00350	4.04	43.35	52.61
p1k_00351	4.04	41.980000000000004	53.97
p1k_00352	4.16	42.699999999999996	53.14
p1k_00353	3.63	44.89	51.470000000000006
p1k_00354	3.88	44.95	51.160000000000004
p1k_00355	3.93	44.32	51.74999999999999
p1k_00356	4.32	43.97	51.71
p1k_00357	4.760000000000001	46.47	48.76
p1k_00358	3.82	44.529999999999994	51.65
p1k_00359	5.94	45.769999999999996	48.29
p1k_00360	4.2	42.089999999999996	53.71
p1k_00361	3.5999999999999996	23.46	72.94
p1k_00362	6.68	41.47	51.849999999999994
p1k_00363	4.47	50.63999999999999	44.879999999999995
p1k_00364	4.22	46.78	49.0
p1k_00365	4.61	41.44	53.959999999999994
p1k_00366	4.38	42.65	52.96999999999999
p1k_00367	4.55	39.31	56.14
p1k_00368	4.54	40.11	55.34
p1k_00369	3.5999999999999996	44.800000000000004	51.6
p1k_00370	3.19	42.36	54.449999999999996
p1k_00371	4.1000000000000005	38.129999999999995	57.769999999999996
p1k_00372	3.92	36.35	59.730000000000004
p1k_00373	4.34	38.53	57.120000000000005
p1k_00374	4.3	37.53	58.17
p1k_00375	3.8600000000000003	42.29	53.849999999999994
p1k_00376	3.26	42.11	54.63
p1k_00377	4.42	38.93	56.66
p1k_00378	4.3999999999999995	38.34	57.269999999999996
p1k_00379	3.81	36.809999999999995	59.38
p1k_00380	3.9699999999999998	37.18	58.86
p1k_00381	3.2300000000000004	42.44	54.33
p1k_00382	3.53	43.269999999999996	53.2
p1k_00383	4.590000000000001	36.47	58.940000000000005
p1k_00384	4.9399999999999995	39.21	55.85
p1k_00385	4.04	38.440000000000005	57.52
p1k_00386	3.95	37.419999999999995	58.63
p1k_00387	13.33	37.019999999999996	49.66
p1k_00388	22.650000000000002	32.78	44.58
p1k_00389	2.8400000000000003	44.71	52.449999999999996
p1k_00390	2.85	43.41	53.74
p1k_00391	1.8900000000000001	49.85	48.25
p1k_00392	1.8599999999999999	50.63999999999999	47.510000000000005
p1k_00393	38.24	27.96	33.81
p1k_00394	25.27	35.19	39.550000000000004
p1k_00395	2.56	44.32	53.13
p1k_00396	2.6	44.080000000000005	53.32
p1k_00397	6.11	17.61	76.27000000000001
p1k_00398	3.2099999999999995	46.01	50.78
p1k_00399	19.03	37.65	43.32
p1k_00400	8.59	43.45	47.96
p1k_00401	2.8899999999999997	44.84	52.27
p1k_00402	2.9499999999999997	44.81	52.239999999999995
p1k_00403	4.17	45.739999999999995	50.1
p1k_00404	3.09	45.17	51.73
p1k_00405	6.29	42.65	51.06
p1k_00406	10.97	40.510000000000005	48.52
p1k_00407	2.4299999999999997	44.68	52.900000000000006
p1k_00408	2.44	43.56	54.0
p1k_00409	2.98	44.2	52.82
p1k_00410	3.08	45.47	51.449999999999996
p1k_00411	19.11	34.93	45.96
p1k_00412	4.3999999999999995	42.53	53.080000000000005
p1k_00413	2.5100000000000002	43.46	54.03
p1k_00414	2.5100000000000002	44.11	53.37
p1k_00415	2.08	46.82	51.11
p1k_00416	2.17	46.67	51.160000000000004
p1k_00417	3.54	42.4	54.05
p1k_00418	2.83	43.05	54.120000000000005
p1k_00419	2.97	42.76	54.26
p1k_00420	2.6599999999999997	42.88	54.459999999999994
p1k_00421	2.62	42.75	54.63
p1k_00422	2.77	43.81	53.42
p1k_00423	2.33	43.44	54.230000000000004
p1k_00424	2.75	43.51	53.74
p1k_00425	2.09	47.0	50.91
p1k_00426	1.78	48.33	49.89
p1k_00427	1.8900000000000001	46.48	51.629999999999995
p1k_00428	1.8599999999999999	46.86	51.29
p1k_00429	3.0300000000000002	42.74	54.230000000000004
p1k_00430	3.4799999999999995	40.62	55.900000000000006
p1k_00431	2.34	43.919999999999995	53.73
p1k_00432	2.37	43.71	53.92
p1k_00433	3.25	47.19	49.559999999999995
p1k_00434	3.6900000000000004	46.800000000000004	49.5
p1k_00435	3.91	43.37	52.72
p1k_00436	3.44	43.35	53.22
p1k_00437	2.17	46.61	51.22
p1k_00438	2.33	46.71	50.96000000000001
p1k_00439	3.1300000000000003	45.98	50.89
p1k_00440	3.25	47.160000000000004	49.59
p1k_00441	6.01	43.41	50.580000000000005
p1k_00442	5.52	44.3	50.18
p1k_00443	6.03	43.91	50.06
p1k_00444	4.93	43.19	51.88
p1k_00445	5.6899999999999995	42.230000000000004	52.080000000000005
p1k_00446	5.81	43.14	51.05
p1k_00447	5.06	43.13	51.81
p1k_00448	4.2299999999999995	45.839999999999996	49.93
p1k_00449	3.02	42.46	54.53
p1k_00450	2.79	45.379999999999995	51.83
p1k_00451	3.16	44.16	52.68000000000001
p1k_00452	3.19	44.62	52.190000000000005
p1k_00453	3.16	43.66	53.18000000000001
p1k_00454	3.2399999999999998	43.93	52.83
p1k_00455	1.7000000000000002	35.17	63.129999999999995
p1k_00456	1.32	34.78	63.9
p1k_00457	2.68	41.22	56.10000000000001
p1k_00458	2.78	41.93	55.28999999999999
p1k_00459	2.8000000000000003	37.14	60.06
p1k_00460	2.97	37.88	59.14
p1k_00461	2.7199999999999998	37.12	60.160000000000004
p1k_00462	2.62	36.61	60.760000000000005
p1k_00463	3.06	39.910000000000004	57.03
p1k_00464	3.29	43.46	53.25
p1k_00465	1.51	32.35	66.14
p1k_00466	1.66	34.19	64.14999999999999
p1k_00467	2.87	44.42	52.71
p1k_00468	2.4299999999999997	39.410000000000004	58.160000000000004
p1k_00469	2.34	40.949999999999996	56.71000000000001
p1k_00470	2.42	42.13	55.45
p1k_00471	2.46	36.620000000000005	60.919999999999995
p1k_00472	2.64	36.980000000000004	60.38
p1k_00473	3.61	46.07	50.32
p1k_00474	3.63	46.81	49.559999999999995
p1k_00475	3.7699999999999996	45.910000000000004	50.32
p1k_00476	3.63	46.53	49.84
p1k_00477	3.56	44.68	51.76
p1k_00478	3.39	44.76	51.849999999999994
p1k_00479	3.6799999999999997	40.23	56.10000000000001
p1k_00480	4.17	46.75	49.08
p1k_00481	2.0	48.72	49.27
p1k_00482	1.83	44.79	53.38
p1k_00483	2.56	41.63	55.800000000000004
p1k_00484	2.5	38.92	58.58
p1k_00485	2.71	31.72	65.57
p1k_00486	3.2399999999999998	44.28	52.470000000000006
p1k_00487	3.0700000000000003	44.7	52.23
p1k_00488	3.04	44.629999999999995	52.33
p1k_00489	3.1399999999999997	43.57	53.290000000000006
p1k_00490	3.35	47.760000000000005	48.89
p1k_00491	3.1	39.900000000000006	56.99999999999999
p1k_00492	3.17	42.91	53.92
p1k_00493	3.1	41.36	55.54
p1k_00494	3.18	43.580000000000005	53.239999999999995
p1k_00495	2.34	34.58	63.09
p1k_00496	2.4	34.38	63.22
p1k_00497	2.13	43.89	53.98
p1k_00498	1.91	36.97	61.12
p1k_00499	3.42	43.59	53.0
p1k_00500	3.39	43.21	53.400000000000006
p1k_00501	3.2800000000000002	44.25	52.470000000000006
p1k_00502	3.47	46.03	50.5
p1k_00503	3.29	44.71	52.0
p1k_00504	3.4000000000000004	45.85	50.74999999999999
p1k_00505	4.0	46.36	49.64
p1k_00506	3.8	47.3	48.9
p1k_00507	2.9499999999999997	41.42	55.64
p1k_00508	2.8400000000000003	37.39	59.78
p1k_00509	2.9000000000000004	44.800000000000004	52.300000000000004
p1k_00510	2.8000000000000003	44.65	52.55
p1k_00511	5.65	45.31	49.04
p1k_00512	5.18	43.580000000000005	51.24999999999999
p1k_00513	4.66	45.440000000000005	49.9
p1k_00514	4.3	47.31	48.4
p1k_00515	4.16	47.620000000000005	48.22
p1k_00517	5.34	47.43	47.23
p1k_00518	2.6	44.440000000000005	52.959999999999994
p1k_00519	2.48	44.25	53.269999999999996
p1k_00520	3.92	43.44	52.64
p1k_00521	3.82	37.940000000000005	58.24
p1k_00522	4.04	50.14999999999999	45.81
p1k_00523	4.91	49.730000000000004	45.36
p1k_00524	5.54	50.29	44.17
p1k_00525	5.41	48.68	45.910000000000004
p1k_00526	5.58	42.42	51.99
p1k_00527	5.41	42.93	51.65
p1k_00528	4.99	41.730000000000004	53.28000000000001
p1k_00529	5.1	42.4	52.5
p1k_00530	4.88	46.62	48.5
p1k_00531	4.8	46.28	48.92
p1k_00532	4.2700000000000005	48.38	47.349999999999994
p1k_00533	4.05	47.949999999999996	48.0
p1k_00534	4.4799999999999995	53.06999999999999	42.449999999999996
p1k_00535	4.6899999999999995	53.32	41.99
p1k_00536	5.65	52.349999999999994	42.0
p1k_00537	6.4399999999999995	52.62	40.94
p1k_00538	3.61	51.18000000000001	45.21
p1k_00539	2.81	36.230000000000004	60.96
p1k_00540	4.82	45.11	50.07
p1k_00541	4.51	45.34	50.14999999999999
p1k_00542	4.73	46.37	48.9
p1k_00543	3.7699999999999996	41.29	54.94
p1k_00544	4.109999999999999	48.53	47.36
p1k_00545	4.109999999999999	48.15	47.74
p1k_00546	6.01	43.88	50.11
p1k_00547	5.96	43.65	50.39
p1k_00548	5.47	46.77	47.77
p1k_00549	4.72	46.85	48.43
p1k_00550	5.16	45.71	49.120000000000005
p1k_00551	5.7	46.83	47.47
p1k_00552	5.21	44.93	49.86
p1k_00553	4.6899999999999995	45.85	49.46
p1k_00554	3.65	46.58	49.769999999999996
p1k_00555	3.81	45.53	50.660000000000004
p1k_00556	3.4299999999999997	53.269999999999996	43.29
p1k_00557	4.24	52.7	43.059999999999995
p1k_00558	1.77	45.16	53.06999999999999
p1k_00559	1.76	44.2	54.03
p1k_00560	3.26	46.9	49.85
p1k_00561	3.4299999999999997	47.010000000000005	49.559999999999995
p1k_00562	1.01	42.61	56.38999999999999
p1k_00563	1.0999999999999999	42.8	56.10000000000001
p1k_00564	1.0	44.86	54.14
p1k_00565	1.04	45.53	53.43
p1k_00566	2.91	32.71	64.39
p1k_00567	3.11	47.03	49.86
p1k_00568	4.09	47.18	48.72
p1k_00569	3.84	47.089999999999996	49.08
p1k_00570	2.69	44.09	53.22
p1k_00571	2.4299999999999997	47.18	50.39
p1k_00572	3.2199999999999998	45.67	51.11
p1k_00573	1.7999999999999998	31.180000000000003	67.02
p1k_00574	3.91	48.66	47.43
p1k_00575	4.02	47.0	48.980000000000004
p1k_00576	1.9	46.44	51.66
p1k_00577	1.72	45.65	52.62
p1k_00578	4.52	43.580000000000005	51.9
p1k_00579	4.2299999999999995	43.87	51.910000000000004
p1k_00580	1.21	43.46	55.33
p1k_00581	1.41	42.43	56.16
p1k_00582	1.69	45.28	53.03
p1k_00583	1.72	45.35	52.92
p1k_00584	4.96	50.43	44.61
p1k_00585	4.9	50.92	44.18
p1k_00586	3.7699999999999996	46.18	50.05
p1k_00587	4.3999999999999995	46.37	49.230000000000004
p1k_00588	4.3999999999999995	46.26	49.34
p1k_00589	4.08	46.07	49.84
p1k_00590	4.7	44.74	50.56
p1k_00591	4.8500000000000005	45.28	49.87
p1k_00592	3.09	45.25	51.66
p1k_00593	3.6900000000000004	47.08	49.230000000000004
p1k_00594	3.51	38.9	57.589999999999996
p1k_00595	5.12	43.03	51.849999999999994
p1k_00596	5.319999999999999	46.17	48.52
p1k_00597	5.19	46.61	48.209999999999994
p1k_00598	4.82	47.44	47.74
p1k_00599	5.09	47.23	47.68
p1k_00600	5.93	42.52	51.55
p1k_00601	5.1499999999999995	43.14	51.72
p1k_00602	4.93	43.059999999999995	52.01
p1k_00603	4.87	44.75	50.38
p1k_00604	4.74	44.31	50.949999999999996
p1k_00605	4.77	45.33	49.9
p1k_00606	5.7299999999999995	45.68	48.59
p1k_00607	4.95	46.08	48.96
p1k_00608	4.92	47.06	48.02
p1k_00609	5.319999999999999	43.39	51.29
p1k_00610	4.9399999999999995	47.85	47.21
p1k_00611	5.07	46.86	48.07
p1k_00612	1.8399999999999999	42.39	55.769999999999996
p1k_00613	1.72	42.47	55.81
p1k_00614	2.02	50.11	47.870000000000005
p1k_00615	2.02	49.9	48.08
p1k_00616	2.0500000000000003	45.76	52.190000000000005
p1k_00617	1.9900000000000002	46.11	51.9
p1k_00618	2.07	48.03	49.9
p1k_00619	1.59	47.86	50.55
p1k_00620	2.58	46.67	50.74999999999999
p1k_00621	2.48	46.98	50.54
p1k_00622	2.16	48.870000000000005	48.97
p1k_00623	2.26	49.24	48.5
p1k_00624	2.27	46.79	50.94
p1k_00625	2.58	46.83	50.59
p1k_00626	2.4299999999999997	44.93	52.64
p1k_00627	2.18	45.86	51.959999999999994
p1k_00628	2.46	46.32	51.22
p1k_00629	2.44	46.19	51.38
p1k_00630	2.23	47.53	50.239999999999995
p1k_00631	4.33	45.86	49.81
p1k_00632	3.46	45.73	50.8
p1k_00633	2.5700000000000003	46.22	51.21
p1k_00634	2.19	47.27	50.54
p1k_00635	2.18	47.64	50.18
p1k_00636	2.6	46.660000000000004	50.739999999999995
p1k_00637	3.7800000000000002	45.97	50.260000000000005
p1k_00638	4.61	43.79	51.6
p1k_00639	4.49	43.980000000000004	51.53
p1k_00640	2.56	46.54	50.89
p1k_00641	2.5700000000000003	47.03	50.39
p1k_00642	3.01	45.72	51.28
p1k_00643	4.97	44.56	50.470000000000006
p1k_00644	2.04	46.2	51.77
p1k_00645	2.17	46.300000000000004	51.53
p1k_00646	2.12	54.35	43.53
p1k_00647	5.66	48.480000000000004	45.86
p1k_00648	1.9800000000000002	46.379999999999995	51.629999999999995
p1k_00649	2.04	46.44	51.519999999999996
p1k_00650	2.1399999999999997	45.43	52.43
p1k_00651	2.17	45.36	52.470000000000006
p1k_00652	2.86	45.96	51.17
p1k_00653	2.6	45.92	51.480000000000004
p1k_00654	2.23	47.63	50.13999999999999
p1k_00655	2.4899999999999998	48.36	49.15
p1k_00656	2.21	46.400000000000006	51.39
p1k_00657	2.36	45.65	51.980000000000004
p1k_00658	1.73	49.59	48.67
p1k_00659	1.81	49.99	48.19
p1k_00660	2.4899999999999998	46.25	51.25999999999999
p1k_00661	2.4	47.67	49.919999999999995
p1k_00662	2.45	48.57	48.980000000000004
p1k_00663	2.5	48.51	48.99
p1k_00664	2.34	45.64	52.019999999999996
p1k_00665	2.67	46.01	51.32
p1k_00666	1.6500000000000001	33.21	65.14
p1k_00667	2.44	38.129999999999995	59.43000000000001
p1k_00668	2.22	46.83	50.96000000000001
p1k_00669	2.32	46.57	51.11
p1k_00670	2.86	45.24	51.9
p1k_00671	2.97	45.300000000000004	51.72
p1k_00672	2.37	48.02	49.61
p1k_00673	2.87	47.61	49.519999999999996
p1k_00674	2.39	46.7	50.9
p1k_00675	2.07	45.34	52.59
p1k_00676	2.75	45.69	51.55
p1k_00677	2.56	46.6	50.839999999999996
p1k_00678	2.58	46.11	51.31
p1k_00679	2.6599999999999997	46.79	50.55
p1k_00680	2.45	45.15	52.400000000000006
p1k_00681	2.13	46.22	51.65
p1k_00682	2.2800000000000002	43.8	53.92
p1k_00683	2.2800000000000002	44.34	53.38
p1k_00684	2.1999999999999997	48.85	48.96
p1k_00686	2.09	48.93	48.980000000000004
p1k_00687	1.53	51.1	47.370000000000005
p1k_00688	1.9800000000000002	52.080000000000005	45.93
p1k_00689	1.7999999999999998	52.18000000000001	46.03
p1k_00690	2.5100000000000002	50.2	47.29
p1k_00691	2.81	50.01	47.18
p1k_00692	2.77	44.62	52.61
p1k_00693	2.4699999999999998	44.93	52.6
p1k_00694	2.33	46.51	51.17
p1k_00695	2.39	47.04	50.57000000000001
p1k_00696	2.59	49.69	47.72
p1k_00697	2.41	50.41	47.18
p1k_00698	2.18	46.57	51.24999999999999
p1k_00699	2.2399999999999998	46.39	51.370000000000005
p1k_00700	2.69	44.36	52.949999999999996
p1k_00701	2.82	43.87	53.31
p1k_00702	2.23	44.99	52.78
p1k_00703	6.17	43.75	50.07
p1k_00704	2.1999999999999997	47.349999999999994	50.449999999999996
p1k_00705	1.9800000000000002	47.68	50.339999999999996
p1k_00706	2.2399999999999998	47.88	49.88
p1k_00707	2.12	47.9	49.97
p1k_00708	2.33	48.96	48.71
p1k_00709	2.27	47.589999999999996	50.13999999999999
p1k_00710	9.08	38.74	52.18000000000001
p1k_00711	2.91	44.21	52.88
p1k_00712	2.5100000000000002	44.5	52.99
p1k_00713	2.54	44.18	53.28000000000001
p1k_00714	2.55	44.41	53.05
p1k_00715	2.55	44.41	53.04
p1k_00716	2.85	50.46000000000001	46.69
p1k_00717	6.87	43.79	49.34
p1k_00718	29.630000000000003	25.66	44.71
p1k_00719	2.7	44.0	53.31
p1k_00720	45.45	15.989999999999998	38.57
p1k_00721	2.75	45.12	52.129999999999995
p1k_00722	8.59	40.510000000000005	50.9
p1k_00723	2.88	45.410000000000004	51.72
p1k_00724	14.44	35.76	49.8
p1k_00725	2.6100000000000003	44.47	52.910000000000004
p1k_00726	2.5	44.07	53.42
p1k_00727	2.26	44.74	53.010000000000005
p1k_00728	2.5100000000000002	45.28	52.2
p1k_00729	2.67	45.09	52.239999999999995
p1k_00730	2.6100000000000003	44.82	52.56999999999999
p1k_00732	2.48	43.53	53.99
p1k_00733	7.48	41.38	51.13999999999999
p1k_00734	2.39	43.99	53.620000000000005
p1k_00735	2.64	47.23	50.13999999999999
p1k_00736	2.53	46.87	50.6
p1k_00737	3.83	45.82	50.36000000000001
p1k_00738	2.4	46.23	51.370000000000005
p1k_00739	2.4899999999999998	45.07	52.44
p1k_00740	2.4	45.24	52.35999999999999
p1k_00741	2.52	45.81	51.67
p1k_00742	2.56	45.75	51.690000000000005
p1k_00743	2.5700000000000003	50.41	47.03
p1k_00744	3.0300000000000002	48.11	48.86
p1k_00745	3.56	48.19	48.25
p1k_00746	3.34	48.17	48.49
p1k_00747	2.8400000000000003	44.03	53.13
p1k_00748	2.74	44.190000000000005	53.06999999999999
p1k_00749	2.69	39.77	57.53
p1k_00750	2.85	41.83	55.32
p1k_00751	2.52	42.13	55.35
p1k_00752	2.91	42.91	54.17999999999999
p1k_00753	2.62	45.519999999999996	51.849999999999994
p1k_00754	3.08	47.18	49.74
p1k_00755	2.71	43.75	53.53
p1k_00756	2.92	43.54	53.54
p1k_00757	2.6100000000000003	43.45	53.94
p1k_00758	3.0	43.669999999999995	53.33
p1k_00759	2.75	44.019999999999996	53.23
p1k_00760	2.73	43.47	53.790000000000006
p1k_00761	2.07	52.44	45.49
p1k_00762	3.4299999999999997	53.86	42.71
p1k_00763	3.06	46.22	50.72
p1k_00764	2.86	45.56	51.57000000000001
p1k_00765	2.86	46.68	50.46000000000001
p1k_00766	2.75	46.6	50.63999999999999
p1k_00767	4.0	46.239999999999995	49.76
p1k_00768	2.68	49.76	47.56
p1k_00769	2.64	46.89	50.470000000000006
p1k_00770	2.75	46.92	50.33
p1k_00771	1.8900000000000001	42.54	55.57
p1k_00772	1.6099999999999999	42.41	55.98
p1k_00773	2.2399999999999998	45.23	52.53
p1k_00775	2.01	43.19	54.790000000000006
p1k_00776	1.6099999999999999	43.28	55.11000000000001
p1k_00777	2.0500000000000003	43.5	54.449999999999996
p1k_00778	1.6099999999999999	44.0	54.39000000000001
p1k_00779	2.01	47.339999999999996	50.64999999999999
p1k_00780	1.9	46.27	51.83
p1k_00781	2.39	48.66	48.949999999999996
p1k_00782	2.0	48.46	49.54
p1k_00783	1.94	42.21	55.84
p1k_00784	1.5699999999999998	42.809999999999995	55.620000000000005
p1k_00785	2.35	42.47	55.17999999999999
p1k_00786	2.22	44.71	53.06999999999999
p1k_00787	1.52	42.68	55.800000000000004
p1k_00788	1.55	43.03	55.42
p1k_00789	2.29	43.64	54.06999999999999
p1k_00790	2.5	44.97	52.52
p1k_00791	4.47	52.449999999999996	43.09
p1k_00792	4.91	42.970000000000006	52.12
p1k_00793	6.05	56.269999999999996	37.68
p1k_00794	5.07	44.12	50.81
p1k_00795	3.2300000000000004	42.34	54.43
p1k_00796	4.09	43.18	52.739999999999995
p1k_00797	1.9800000000000002	37.730000000000004	60.29
p1k_00798	2.2399999999999998	44.6	53.16
p1k_00799	2.4699999999999998	44.79	52.739999999999995
p1k_00800	2.6100000000000003	45.94	51.449999999999996
p1k_00801	2.7199999999999998	45.33	51.949999999999996
p1k_00802	2.67	44.879999999999995	52.44
p1k_00803	4.58	44.440000000000005	50.980000000000004
p1k_00804	4.66	43.99	51.349999999999994
p1k_00805	3.85	43.24	52.92
p1k_00806	4.08	42.34	53.580000000000005
p1k_00807	3.6999999999999997	44.1	52.2
p1k_00808	3.6900000000000004	43.919999999999995	52.39
p1k_00809	3.45	41.58	54.97
p1k_00810	3.66	42.08	54.26
p1k_00811	3.5000000000000004	41.32	55.17999999999999
p1k_00812	3.5900000000000003	40.62	55.78999999999999
p1k_00813	3.4799999999999995	41.339999999999996	55.19
p1k_00814	3.2800000000000002	42.71	54.010000000000005
p1k_00815	3.58	42.309999999999995	54.120000000000005
p1k_00816	3.7800000000000002	41.589999999999996	54.63
p1k_00817	3.34	42.22	54.44
p1k_00818	3.56	43.41	53.03
p1k_00819	3.38	41.31	55.32
p1k_00820	3.2199999999999998	41.75	55.03
p1k_00821	15.64	32.74	51.62
p1k_00822	24.9	29.759999999999998	45.35
p1k_00823	18.63	30.72	50.64999999999999
p1k_00824	27.54	30.78	41.68
p1k_00825	23.79	30.4	45.81
p1k_00826	5.6000000000000005	47.910000000000004	46.489999999999995
p1k_00827	5.4	46.35	48.25
p1k_00828	5.319999999999999	41.099999999999994	53.580000000000005
p1k_00829	4.859999999999999	41.94	53.2
p1k_00830	4.82	35.74	59.440000000000005
p1k_00831	4.96	37.37	57.67
p1k_00832	5.27	41.69	53.04
p1k_00833	4.61	44.11	51.28
p1k_00834	5.16	38.71	56.120000000000005
p1k_00835	6.21	42.11	51.68000000000001
p1k_00836	4.35	47.14	48.51
p1k_00837	4.2299999999999995	50.36000000000001	45.410000000000004
p1k_00838	4.83	46.06	49.11
p1k_00839	4.8500000000000005	46.160000000000004	49.0
p1k_00840	2.86	26.43	70.71
p1k_00841	3.2800000000000002	30.34	66.39
p1k_00842	3.11	37.4	59.489999999999995
p1k_00843	3.5900000000000003	36.94	59.47
p1k_00844	4.63	41.17	54.190000000000005
p1k_00845	4.859999999999999	44.330000000000005	50.82
p1k_00846	4.46	45.07	50.46000000000001
p1k_00847	4.01	44.15	51.839999999999996
p1k_00848	3.91	47.15	48.94
p1k_00849	4.38	53.64	41.97
p1k_00850	5.609999999999999	42.449999999999996	51.94
p1k_00851	5.66	42.51	51.82
p1k_00852	4.83	43.0	52.18000000000001
p1k_00853	4.66	39.18	56.16
p1k_00854	5.3100000000000005	44.519999999999996	50.17
p1k_00855	6.98	45.33	47.68
p1k_00856	4.9399999999999995	43.5	51.559999999999995
p1k_00857	6.510000000000001	45.17	48.32
p1k_00858	6.81	45.64	47.55
p1k_00859	7.539999999999999	44.83	47.64
p1k_00860	4.78	42.88	52.339999999999996
p1k_00861	4.71	44.37	50.91
p1k_00862	5.34	42.25	52.42
p1k_00863	4.97	41.25	53.779999999999994
p1k_00864	4.55	41.32	54.13
p1k_00865	3.62	32.85	63.53
p1k_00866	5.67	42.38	51.949999999999996
p1k_00867	5.09	41.77	53.14
p1k_00868	5.33	43.69	50.980000000000004
p1k_00869	5.34	43.94	50.73
p1k_00870	5.4399999999999995	42.809999999999995	51.74999999999999
p1k_00871	5.46	41.43	53.11
p1k_00872	4.04	46.54	49.419999999999995
p1k_00873	3.62	46.07	50.31
p1k_00874	7.180000000000001	47.48	45.34
p1k_00875	7.28	45.79	46.93
p1k_00876	5.45	45.300000000000004	49.25
p1k_00877	5.18	45.48	49.34
p1k_00878	4.3	43.519999999999996	52.18000000000001
p1k_00879	4.89	43.26	51.849999999999994
p1k_00880	5.35	42.4	52.25
p1k_00881	5.0200000000000005	44.07	50.91
p1k_00882	3.88	39.94	56.18
p1k_00883	3.88	38.93	57.18
p1k_00884	3.88	40.99	55.13
p1k_00885	3.93	40.81	55.26
p1k_00886	5.82	40.54	53.64
p1k_00887	5.18	40.32	54.510000000000005
p1k_00888	4.5600000000000005	41.6	53.839999999999996
p1k_00889	3.81	41.85	54.35
p1k_00890	2.67	48.089999999999996	49.24
p1k_00891	2.63	49.0	48.370000000000005
p1k_00892	3.38	40.11	56.510000000000005
p1k_00893	2.9899999999999998	42.699999999999996	54.32
p1k_00894	3.29	42.71	53.99
p1k_00895	3.44	43.2	53.36
p1k_00896	3.1	42.51	54.39000000000001
p1k_00897	2.93	45.24	51.83
p1k_00898	2.81	42.58	54.61
p1k_00899	2.79	42.44	54.779999999999994
p1k_00900	2.48	48.93	48.59
p1k_00901	2.41	52.129999999999995	45.46
p1k_00902	2.8899999999999997	44.47	52.64
p1k_00903	3.01	44.71	52.28
p1k_00904	2.52	46.150000000000006	51.33
p1k_00905	2.54	46.62	50.83
p1k_00906	4.130000000000001	43.769999999999996	52.09
p1k_00907	4.03	44.72	51.25999999999999
p1k_00908	3.83	45.69	50.49
p1k_00909	4.15	46.129999999999995	49.72
p1k_00910	2.3	44.42	53.269999999999996
p1k_00911	2.2399999999999998	44.940000000000005	52.82
p1k_00912	4.21	39.17	56.620000000000005
p1k_00913	3.7900000000000005	41.349999999999994	54.86
p1k_00914	5.19	42.42	52.39
p1k_00915	4.47	46.87	48.66
p1k_00916	3.5900000000000003	42.17	54.24
p1k_00917	3.95	47.05	49.0
p1k_00918	3.62	44.86	51.51
p1k_00919	3.45	44.15	52.400000000000006
p1k_00920	2.03	43.0	54.97
p1k_00921	2.9899999999999998	43.059999999999995	53.949999999999996
p1k_00922	2.56	43.72	53.72
p1k_00923	2.41	44.7	52.88
p1k_00924	2.55	40.96	56.489999999999995
p1k_00925	2.4299999999999997	44.62	52.949999999999996
p1k_00926	2.62	44.41	52.96999999999999
p1k_00927	2.56	44.629999999999995	52.81
p1k_00928	2.29	46.44	51.27
p1k_00929	2.32	46.129999999999995	51.54
p1k_00930	13.900000000000002	38.91	47.19
p1k_00931	8.649999999999999	42.47	48.89
p1k_00932	21.57	36.480000000000004	41.959999999999994
p1k_00933	4.64	44.87	50.49
p1k_00934	1.9900000000000002	44.54	53.459999999999994
p1k_00935	1.8599999999999999	44.35	53.790000000000006
p1k_00936	2.1399999999999997	43.15	54.71
p1k_00937	2.29	44.06	53.65
p1k_00938	2.35	43.730000000000004	53.93
p1k_00939	2.23	45.06	52.71
p1k_00940	5.0200000000000005	40.510000000000005	54.47
p1k_00941	5.19	38.79	56.03
p1k_00942	2.09	44.379999999999995	53.53
p1k_00943	2.4699999999999998	39.589999999999996	57.940000000000005
p1k_00944	2.58	43.04	54.379999999999995
p1k_00945	2.29	42.96	54.75
p1k_00946	2.78	39.58	57.64
p1k_00947	2.9000000000000004	43.25	53.86
p1k_00948	3.35	41.47	55.19
p1k_00949	2.77	33.61	63.62
p1k_00950	2.2399999999999998	40.64	57.120000000000005
p1k_00951	2.29	40.87	56.84
p1k_00952	2.6	39.73	57.66
p1k_00953	2.26	42.86	54.879999999999995
p1k_00954	2.5700000000000003	43.28	54.15
p1k_00955	2.39	39.56	58.050000000000004
p1k_00956	2.83	38.22	58.96
p1k_00957	2.11	41.53	56.36
p1k_00958	2.3	42.52	55.17999999999999
p1k_00959	3.56	42.84	53.6
p1k_00960	3.71	40.53	55.76
p1k_00961	1.8499999999999999	44.89	53.26
p1k_00962	2.1	44.87	53.03
p1k_00963	2.85	43.08	54.06999999999999
p1k_00964	2.62	42.34	55.04
p1k_00965	2.42	43.68	53.910000000000004
p1k_00966	3.2	39.900000000000006	56.89999999999999
p1k_00967	1.83	43.61	54.559999999999995
p1k_00968	3.3000000000000003	42.4	54.300000000000004
p1k_00969	4.08	40.77	55.15
p1k_00970	2.4699999999999998	42.21	55.32
p1k_00971	2.48	43.38	54.15
p1k_00972	2.4899999999999998	42.16	55.35
p1k_00973	2.21	40.52	57.269999999999996
p1k_00974	2.78	37.580000000000005	59.64
p1k_00975	1.8499999999999999	42.01	56.14
p1k_00976	2.4299999999999997	41.0	56.57
p1k_00977	2.81	43.11	54.08
p1k_00978	3.1199999999999997	43.69	53.190000000000005
p1k_00979	2.44	40.61	56.95
p1k_00980	2.6	36.52	60.870000000000005
p1k_00981	2.08	40.99	56.93
p1k_00982	2.5	41.29	56.21000000000001
p1k_00983	2.06	44.81	53.13
p1k_00984	3.38	40.65	55.97
p1k_00985	2.64	43.95	53.410000000000004
p1k_00986	2.6100000000000003	43.63	53.76
p1k_00987	2.53	42.230000000000004	55.24
p1k_00988	1.87	45.04	53.1
p1k_00989	5.21	37.66	57.13
p1k_00990	2.74	41.660000000000004	55.60000000000001
p1k_00991	1.87	42.67	55.47
p1k_00992	2.5	41.02	56.48
p1k_00993	2.8000000000000003	43.47	53.73
p1k_00994	2.59	42.230000000000004	55.17999999999999
p1k_00995	2.2800000000000002	41.410000000000004	56.31
p1k_00996	4.78	37.75	57.47
p1k_00997	1.8499999999999999	44.42	53.73
p1k_00998	1.91	41.38	56.71000000000001
p1k_00999	2.45	40.53	57.02
p1k_01000	1.92	42.46	55.61000000000001
p1k_01001	3.42	39.86	56.730000000000004
p1k_01002	2.92	40.04	57.04
p1k_01003	2.53	44.3	53.169999999999995
p1k_01004	2.8400000000000003	41.760000000000005	55.400000000000006
p1k_01005	2.4299999999999997	44.5	53.080000000000005
p1k_01006	2.45	42.74	54.81
p1k_01007	2.36	43.63	54.02
p1k_01008	1.9	45.34	52.76
p1k_01009	2.09	47.54	50.370000000000005
p1k_01010	2.13	47.05	50.82
p1k_01011	2.98	45.49	51.53
p1k_01012	2.58	46.739999999999995	50.67
p1k_01013	2.5100000000000002	47.0	50.49
p1k_01014	2.9499999999999997	46.54	50.51
p1k_01015	2.7	40.8	56.49999999999999
p1k_01016	2.3800000000000003	43.95	53.669999999999995
p1k_01017	2.1999999999999997	44.05	53.75
p1k_01018	2.5100000000000002	44.3	53.190000000000005
p1k_01019	2.2800000000000002	43.35	54.37
p1k_01020	2.0500000000000003	44.13	53.82
p1k_01021	2.5	38.56	58.940000000000005
p1k_01022	2.41	42.35	55.230000000000004
p1k_01023	2.37	41.78	55.85
p1k_01024	4.79	38.66	56.55
p1k_01025	2.26	40.57	57.16
p1k_01026	2.56	43.11	54.33
p1k_01027	2.36	44.9	52.739999999999995
p1k_01028	3.42	42.69	53.89000000000001
p1k_01029	2.9499999999999997	38.37	58.67
p1k_01030	3.92	38.96	57.120000000000005
p1k_01031	2.02	41.65	56.34
p1k_01032	2.74	43.62	53.64
p1k_01033	3.1	43.14	53.76
p1k_01034	2.1999999999999997	42.01	55.78999999999999
p1k_01035	2.82	37.08	60.099999999999994
p1k_01036	2.1	43.3	54.6
p1k_01037	2.36	44.3	53.349999999999994
p1k_01038	2.52	43.41	54.08
p1k_01039	2.4299999999999997	43.45	54.13
p1k_01040	2.36	40.64	57.010000000000005
p1k_01041	3.49	43.580000000000005	52.92
p1k_01042	3.82	42.72	53.459999999999994
p1k_01043	2.82	39.1	58.07
p1k_01044	2.96	36.3	60.74
p1k_01045	2.36	44.75	52.89
p1k_01046	2.06	44.62	53.33
p1k_01047	1.91	44.01	54.08
p1k_01048	2.01	43.86	54.13
p1k_01049	2.36	44.95	52.7
p1k_01050	2.1	44.330000000000005	53.56999999999999
p1k_01051	2.08	43.96	53.959999999999994
p1k_01052	2.58	42.77	54.65
p1k_01053	3.01	43.120000000000005	53.87
p1k_01054	2.5700000000000003	39.589999999999996	57.85
p1k_01055	3.11	41.07	55.82
